频谱数据信息:
尺寸: 1580x88
采样率: 44100 Hz
时长: 18.39 秒
最大频率: 22050.00 Hz

数据预览 (前10x10):
0.0000	0.0000	0.0000	0.0000	0.0000	0.0000	0.0000	0.0000	0.0000	0.0000	
13.6386	13.6386	13.6386	13.6386	13.6386	13.6386	13.6386	13.6386	13.6386	13.3952	
35.4789	35.4789	35.4789	35.4789	35.4789	35.4789	35.4789	35.4789	36.2464	36.2464	
40.3932	40.3932	40.3932	40.3932	40.3932	40.3932	40.3932	40.3932	45.9801	45.9801	
38.4518	38.4518	38.4518	38.4518	38.4518	38.4518	38.4518	38.4518	46.7345	46.7345	
30.0164	30.0164	30.0164	30.0164	30.0164	30.0164	30.0164	30.0164	41.2965	41.2965	
33.3642	33.3642	33.3642	33.3642	33.3642	33.3642	33.3642	33.3642	36.7599	36.7599	
35.1273	35.1273	35.1273	35.1273	35.1273	35.1273	35.1273	35.1273	43.0836	43.0836	
39.4623	39.4623	39.4623	39.4623	39.4623	39.4623	39.4623	39.4623	45.9356	45.9356	
41.4198	41.4198	41.4198	41.4198	41.4198	41.4198	41.4198	41.4198	47.7638	47.7638	

数据统计:
最小值: 0.0000
最大值: 48.8789
平均值: 12.4777
总元素数: 139040
非零值数量: 86640
